10.933637062318327
4.697560002591202
5.4741613031050775
2.3340536189596386
2.233555968464113
1.3775224284969019
1.14498162186903
1.0574055818266117
0.8812462051308607
0.7747200649808141
0.605076964365909
0.677897774615022
0.6494301548145368
0.5594755088383755
0.6343100431483282
0.5449632581157097
0.4336957736785501
0.39226130493217165
0.5031801932646408
0.5058378592235219
0.5177027037800359
0.4675292527243171
0.39751344889169876
0.3145167982964292
0.394216540918254
0.3296364757585529
0.4692205027914119
0.3094159437552712
0.28002335968480285
0.412177335501098
0.33820804717373143
0.3970946887335271
0.4819021538299377
0.3973219593620491
0.38471792003554717
0.4156803870153625
0.35937207242354724
0.2947656250740279
0.36402397168194517
0.26184418049289826
